  2.0000e+00  0.0000e+00
  3.0000e+00  1.0000e+00
  4.0000e+00  9.0000e+00
  5.0000e+00  1.6000e+01
  6.0000e+00  3.4000e+01
  7.0000e+00  5.3000e+01
  8.0000e+00  6.4000e+01
  9.0000e+00  9.1000e+01
  1.0000e+01  1.2600e+02
  1.1000e+01  1.6500e+02
  1.2000e+01  2.0200e+02
  1.3000e+01  2.4100e+02
  1.4000e+01  2.5400e+02
  1.5000e+01  3.0900e+02
  1.6000e+01  3.6200e+02
  1.7000e+01  4.2100e+02
  1.8000e+01  4.8700e+02
  1.9000e+01  5.4000e+02
  2.0000e+01  6.2600e+02
  2.1000e+01  6.8600e+02
  2.2000e+01  7.8900e+02
  2.3000e+01  8.7200e+02
  2.4000e+01  8.9500e+02
  2.5000e+01  1.0020e+03
  2.6000e+01  1.1070e+03
  2.7000e+01  1.1610e+03
  2.8000e+01  1.3800e+03
  2.9000e+01  1.4060e+03
  3.0000e+01  1.5240e+03
  3.1000e+01  1.6250e+03
  3.2000e+01  1.8040e+03
  3.3000e+01  1.7980e+03
  3.4000e+01  2.1210e+03
  3.5000e+01  2.0950e+03
  3.6000e+01  2.6860e+03
  3.7000e+01  2.6100e+03
  3.8000e+01  2.5610e+03
  3.9000e+01  2.6810e+03
  4.0000e+01  4.4830e+03
  4.1000e+01  3.0820e+03
  4.2000e+01  4.6520e+03
  4.3000e+01  3.2900e+03
  4.4000e+01  3.5290e+03
  4.5000e+01  5.4760e+03
  4.6000e+01  3.8880e+03
  4.7000e+01  3.8570e+03
  4.8000e+01  1.0313e+04
  4.9000e+01  1.0743e+04
  5.0000e+01  5.9630e+03
  5.1000e+01  1.1522e+04
  5.2000e+01  5.8290e+03
  5.3000e+01  5.8850e+03
  5.4000e+01  1.1035e+04
  5.5000e+01  1.7529e+04
  5.6000e+01  1.5302e+04
  5.7000e+01  2.5211e+04
  5.8000e+01  1.7254e+04
  5.9000e+01  6.4920e+03
  6.0000e+01  5.6238e+04
  6.1000e+01  1.1527e+04
  6.2000e+01  1.0266e+05
  6.3000e+01  7.0830e+03
  6.4000e+01  2.2035e+04
  6.5000e+01  1.2919e+05
  6.6000e+01  5.4940e+04
  6.7000e+01  9.1569e+04
  6.8000e+01  1.3019e+05
  6.9000e+01  1.3134e+05
  7.0000e+01  1.3059e+05
  7.1000e+01  1.3533e+05
  7.2000e+01  5.0379e+04
  7.3000e+01  1.3657e+05
  7.4000e+01  1.5877e+05
  7.5000e+01  1.4423e+05
  7.6000e+01  1.4691e+05
  7.7000e+01  1.5574e+05
  7.8000e+01  1.4620e+05
  7.9000e+01  1.6084e+05
  8.0000e+01  1.4446e+05
  8.1000e+01  1.5800e+05
  8.2000e+01  1.6074e+05
  8.3000e+01  1.7449e+05
  8.4000e+01  1.6969e+05
  8.5000e+01  1.7567e+05
  8.6000e+01  1.7505e+05
  8.7000e+01  9.5807e+04
  8.8000e+01  1.6546e+05
  8.9000e+01  1.8829e+05
  9.0000e+01  1.7840e+05
  9.1000e+01  1.8951e+05
  9.2000e+01  1.8014e+05
  9.3000e+01  1.8887e+05
  9.4000e+01  1.9198e+05
  9.5000e+01  1.8849e+05
  9.6000e+01  1.8746e+05
  9.7000e+01  1.9148e+05
  9.8000e+01  2.0056e+05
  9.9000e+01  2.0522e+05
