  2.0000e+00  0.0000e+00
  3.0000e+00  1.0000e+00
  4.0000e+00  9.0000e+00
  5.0000e+00  2.0000e+01
  6.0000e+00  3.2000e+01
  7.0000e+00  5.4000e+01
  8.0000e+00  7.1000e+01
  9.0000e+00  8.9000e+01
  1.0000e+01  1.2000e+02
  1.1000e+01  1.4700e+02
  1.2000e+01  1.8200e+02
  1.3000e+01  2.3500e+02
  1.4000e+01  2.6300e+02
  1.5000e+01  3.1300e+02
  1.6000e+01  3.5800e+02
  1.7000e+01  4.2500e+02
  1.8000e+01  4.6400e+02
  1.9000e+01  5.2100e+02
  2.0000e+01  5.8300e+02
  2.1000e+01  6.8400e+02
  2.2000e+01  7.0600e+02
  2.3000e+01  8.1200e+02
  2.4000e+01  8.7900e+02
  2.5000e+01  9.9700e+02
  2.6000e+01  1.0320e+03
  2.7000e+01  1.1230e+03
  2.8000e+01  1.2140e+03
  2.9000e+01  1.3190e+03
  3.0000e+01  1.3960e+03
  3.1000e+01  1.5100e+03
  3.2000e+01  1.6160e+03
  3.3000e+01  1.7080e+03
  3.4000e+01  1.8740e+03
  3.5000e+01  1.9570e+03
  3.6000e+01  2.0200e+03
  3.7000e+01  2.2270e+03
  3.8000e+01  2.2590e+03
  3.9000e+01  2.4200e+03
  4.0000e+01  2.5660e+03
  4.1000e+01  2.7060e+03
  4.2000e+01  2.7780e+03
  4.3000e+01  2.9690e+03
  4.4000e+01  3.0950e+03
  4.5000e+01  3.3520e+03
  4.6000e+01  3.4610e+03
  4.7000e+01  3.5280e+03
  4.8000e+01  3.7510e+03
  4.9000e+01  3.9600e+03
  5.0000e+01  4.0060e+03
  5.1000e+01  4.2060e+03
  5.2000e+01  4.4760e+03
  5.3000e+01  4.6170e+03
  5.4000e+01  4.6740e+03
  5.5000e+01  4.8050e+03
  5.6000e+01  5.0730e+03
  5.7000e+01  5.1710e+03
  5.8000e+01  5.3860e+03
  5.9000e+01  5.6090e+03
  6.0000e+01  5.7530e+03
  6.1000e+01  6.2340e+03
  6.2000e+01  6.3320e+03
  6.3000e+01  6.6430e+03
  6.4000e+01  6.7660e+03
  6.5000e+01  7.0420e+03
  6.6000e+01  7.0240e+03
  6.7000e+01  7.3960e+03
  6.8000e+01  7.4950e+03
  6.9000e+01  7.9270e+03
  7.0000e+01  7.7540e+03
  7.1000e+01  8.0610e+03
  7.2000e+01  8.4320e+03
  7.3000e+01  8.7460e+03
  7.4000e+01  8.9030e+03
  7.5000e+01  9.1420e+03
  7.6000e+01  9.2500e+03
  7.7000e+01  9.5820e+03
  7.8000e+01  9.9950e+03
  7.9000e+01  1.0082e+04
  8.0000e+01  1.0301e+04
  8.1000e+01  1.0489e+04
  8.2000e+01  1.0879e+04
  8.3000e+01  1.1018e+04
  8.4000e+01  1.1710e+04
  8.5000e+01  1.1848e+04
  8.6000e+01  1.2225e+04
  8.7000e+01  1.2423e+04
  8.8000e+01  1.2514e+04
  8.9000e+01  1.2723e+04
  9.0000e+01  1.2934e+04
  9.1000e+01  1.3416e+04
  9.2000e+01  1.3551e+04
  9.3000e+01  1.4169e+04
  9.4000e+01  1.4052e+04
  9.5000e+01  1.4528e+04
  9.6000e+01  1.5038e+04
  9.7000e+01  1.5270e+04
  9.8000e+01  1.5437e+04
  9.9000e+01  1.5771e+04
